radius_earth = 6371.0
planck_constant = 6.6260755d-34 
charge=1.60E-19
mass_proton=1.660539040E-27
light_speed = 2.9979246d+8 
data_forbidden = 999999.000
data_epsilon_forbidden = 10.0
times_order = 1.0
fullpath = "C:\adatis"
